0	0
0	0.202020202020202
0	0.404040404040404
0	0.606060606060606
0	0.808080808080808
0	1.01010101010101
0	1.21212121212121
0	1.41414141414141
0	1.61616161616162
0	1.81818181818182
0	2.02020202020202
0	2.22222222222222
0	2.42424242424242
0	2.62626262626263
0	2.82828282828283
0	3.03030303030303
0	3.23232323232323
0	3.43434343434343
0	3.63636363636364
0	3.83838383838384
0	4.04040404040404
0	4.24242424242424
0	4.44444444444444
0	4.64646464646465
0	4.84848484848485
0	5.05050505050505
0	5.25252525252525
0	5.45454545454545
0	5.65656565656566
0	5.85858585858586
0	6.06060606060606
0	6.26262626262626
0	6.46464646464646
0	6.66666666666667
0	6.86868686868687
0	7.07070707070707
0	7.27272727272727
0	7.47474747474747
0	7.67676767676768
0	7.87878787878788
0	8.08080808080808
0	8.28282828282828
0	8.48484848484848
0	8.68686868686869
0	8.88888888888889
0	9.09090909090909
0	9.29292929292929
0	9.49494949494949
0	9.6969696969697
0	9.8989898989899
0	10.1010101010101
0	10.3030303030303
0	10.5050505050505
0	10.7070707070707
0	10.9090909090909
0	11.1111111111111
0	11.3131313131313
0	11.5151515151515
0	11.7171717171717
0	11.9191919191919
0	12.1212121212121
0	12.3232323232323
0	12.5252525252525
0	12.7272727272727
0	12.9292929292929
0	13.1313131313131
0	13.3333333333333
0	13.5353535353535
0	13.7373737373737
0	13.9393939393939
0	14.1414141414141
0	14.3434343434343
0	14.5454545454545
0	14.7474747474747
0	14.9494949494949
0	15.1515151515152
0	15.3535353535354
0	15.5555555555556
0	15.7575757575758
0	15.959595959596
0	16.1616161616162
0	16.3636363636364
0	16.5656565656566
0	16.7676767676768
0	16.969696969697
0	17.1717171717172
0	17.3737373737374
0	17.5757575757576
0	17.7777777777778
0	17.979797979798
0	18.1818181818182
0	18.3838383838384
0	18.5858585858586
0	18.7878787878788
0	18.989898989899
0	19.1919191919192
0	19.3939393939394
0	19.5959595959596
0	19.7979797979798
0	20
0.204081632653061	0
0.204081632653061	0.202020202020202
0.204081632653061	0.404040404040404
0.204081632653061	0.606060606060606
0.204081632653061	0.808080808080808
0.204081632653061	1.01010101010101
0.204081632653061	1.21212121212121
0.204081632653061	1.41414141414141
0.204081632653061	1.61616161616162
0.204081632653061	1.81818181818182
0.204081632653061	2.02020202020202
0.204081632653061	2.22222222222222
0.204081632653061	2.42424242424242
0.204081632653061	2.62626262626263
0.204081632653061	2.82828282828283
0.204081632653061	3.03030303030303
0.204081632653061	3.23232323232323
0.204081632653061	3.43434343434343
0.204081632653061	3.63636363636364
0.204081632653061	3.83838383838384
0.204081632653061	4.04040404040404
0.204081632653061	4.24242424242424
0.204081632653061	4.44444444444444
0.204081632653061	4.64646464646465
0.204081632653061	4.84848484848485
0.204081632653061	5.05050505050505
0.204081632653061	5.25252525252525
0.204081632653061	5.45454545454545
0.204081632653061	5.65656565656566
0.204081632653061	5.85858585858586
0.204081632653061	6.06060606060606
0.204081632653061	6.26262626262626
0.204081632653061	6.46464646464646
0.204081632653061	6.66666666666667
0.204081632653061	6.86868686868687
0.204081632653061	7.07070707070707
0.204081632653061	7.27272727272727
0.204081632653061	7.47474747474747
0.204081632653061	7.67676767676768
0.204081632653061	7.87878787878788
0.204081632653061	8.08080808080808
0.204081632653061	8.28282828282828
0.204081632653061	8.48484848484848
0.204081632653061	8.68686868686869
0.204081632653061	8.88888888888889
0.204081632653061	9.09090909090909
0.204081632653061	9.29292929292929
0.204081632653061	9.49494949494949
0.204081632653061	9.6969696969697
0.204081632653061	9.8989898989899
0.204081632653061	10.1010101010101
0.204081632653061	10.3030303030303
0.204081632653061	10.5050505050505
0.204081632653061	10.7070707070707
0.204081632653061	10.9090909090909
0.204081632653061	11.1111111111111
0.204081632653061	11.3131313131313
0.204081632653061	11.5151515151515
0.204081632653061	11.7171717171717
0.204081632653061	11.9191919191919
0.204081632653061	12.1212121212121
0.204081632653061	12.3232323232323
0.204081632653061	12.5252525252525
0.204081632653061	12.7272727272727
0.204081632653061	12.9292929292929
0.204081632653061	13.1313131313131
0.204081632653061	13.3333333333333
0.204081632653061	13.5353535353535
0.204081632653061	13.7373737373737
0.204081632653061	13.9393939393939
0.204081632653061	14.1414141414141
0.204081632653061	14.3434343434343
0.204081632653061	14.5454545454545
0.204081632653061	14.7474747474747
0.204081632653061	14.9494949494949
0.204081632653061	15.1515151515152
0.204081632653061	15.3535353535354
0.204081632653061	15.5555555555556
0.204081632653061	15.7575757575758
0.204081632653061	15.959595959596
0.204081632653061	16.1616161616162
0.204081632653061	16.3636363636364
0.204081632653061	16.5656565656566
0.204081632653061	16.7676767676768
0.204081632653061	16.969696969697
0.204081632653061	17.1717171717172
0.204081632653061	17.3737373737374
0.204081632653061	17.5757575757576
0.204081632653061	17.7777777777778
0.204081632653061	17.979797979798
0.204081632653061	18.1818181818182
0.204081632653061	18.3838383838384
0.204081632653061	18.5858585858586
0.204081632653061	18.7878787878788
0.204081632653061	18.989898989899
0.204081632653061	19.1919191919192
0.204081632653061	19.3939393939394
0.204081632653061	19.5959595959596
0.204081632653061	19.7979797979798
0.204081632653061	20
0.408163265306122	0
0.408163265306122	0.202020202020202
0.408163265306122	0.404040404040404
0.408163265306122	0.606060606060606
0.408163265306122	0.808080808080808
0.408163265306122	1.01010101010101
0.408163265306122	1.21212121212121
0.408163265306122	1.41414141414141
0.408163265306122	1.61616161616162
0.408163265306122	1.81818181818182
0.408163265306122	2.02020202020202
0.408163265306122	2.22222222222222
0.408163265306122	2.42424242424242
0.408163265306122	2.62626262626263
0.408163265306122	2.82828282828283
0.408163265306122	3.03030303030303
0.408163265306122	3.23232323232323
0.408163265306122	3.43434343434343
0.408163265306122	3.63636363636364
0.408163265306122	3.83838383838384
0.408163265306122	4.04040404040404
0.408163265306122	4.24242424242424
0.408163265306122	4.44444444444444
0.408163265306122	4.64646464646465
0.408163265306122	4.84848484848485
0.408163265306122	5.05050505050505
0.408163265306122	5.25252525252525
0.408163265306122	5.45454545454545
0.408163265306122	5.65656565656566
0.408163265306122	5.85858585858586
0.408163265306122	6.06060606060606
0.408163265306122	6.26262626262626
0.408163265306122	6.46464646464646
0.408163265306122	6.66666666666667
0.408163265306122	6.86868686868687
0.408163265306122	7.07070707070707
0.408163265306122	7.27272727272727
0.408163265306122	7.47474747474747
0.408163265306122	7.67676767676768
0.408163265306122	7.87878787878788
0.408163265306122	8.08080808080808
0.408163265306122	8.28282828282828
0.408163265306122	8.48484848484848
0.408163265306122	8.68686868686869
0.408163265306122	8.88888888888889
0.408163265306122	9.09090909090909
0.408163265306122	9.29292929292929
0.408163265306122	9.49494949494949
0.408163265306122	9.6969696969697
0.408163265306122	9.8989898989899
0.408163265306122	10.1010101010101
0.408163265306122	10.3030303030303
0.408163265306122	10.5050505050505
0.408163265306122	10.7070707070707
0.408163265306122	10.9090909090909
0.408163265306122	11.1111111111111
0.408163265306122	11.3131313131313
0.408163265306122	11.5151515151515
0.408163265306122	11.7171717171717
0.408163265306122	11.9191919191919
0.408163265306122	12.1212121212121
0.408163265306122	12.3232323232323
0.408163265306122	12.5252525252525
0.408163265306122	12.7272727272727
0.408163265306122	12.9292929292929
0.408163265306122	13.1313131313131
0.408163265306122	13.3333333333333
0.408163265306122	13.5353535353535
0.408163265306122	13.7373737373737
0.408163265306122	13.9393939393939
0.408163265306122	14.1414141414141
0.408163265306122	14.3434343434343
0.408163265306122	14.5454545454545
0.408163265306122	14.7474747474747
0.408163265306122	14.9494949494949
0.408163265306122	15.1515151515152
0.408163265306122	15.3535353535354
0.408163265306122	15.5555555555556
0.408163265306122	15.7575757575758
0.408163265306122	15.959595959596
0.408163265306122	16.1616161616162
0.408163265306122	16.3636363636364
0.408163265306122	16.5656565656566
0.408163265306122	16.7676767676768
0.408163265306122	16.969696969697
0.408163265306122	17.1717171717172
0.408163265306122	17.3737373737374
0.408163265306122	17.5757575757576
0.408163265306122	17.7777777777778
0.408163265306122	17.979797979798
0.408163265306122	18.1818181818182
0.408163265306122	18.3838383838384
0.408163265306122	18.5858585858586
0.408163265306122	18.7878787878788
0.408163265306122	18.989898989899
0.408163265306122	19.1919191919192
0.408163265306122	19.3939393939394
0.408163265306122	19.5959595959596
0.408163265306122	19.7979797979798
0.408163265306122	20
0.612244897959184	0
0.612244897959184	0.202020202020202
0.612244897959184	0.404040404040404
0.612244897959184	19.5959595959596
0.612244897959184	19.7979797979798
0.612244897959184	20
0.816326530612245	0
0.816326530612245	0.202020202020202
0.816326530612245	0.404040404040404
0.816326530612245	19.5959595959596
0.816326530612245	19.7979797979798
0.816326530612245	20
1.02040816326531	0
1.02040816326531	0.202020202020202
1.02040816326531	0.404040404040404
1.02040816326531	19.5959595959596
1.02040816326531	19.7979797979798
1.02040816326531	20
1.22448979591837	0
1.22448979591837	0.202020202020202
1.22448979591837	0.404040404040404
1.22448979591837	19.5959595959596
1.22448979591837	19.7979797979798
1.22448979591837	20
1.42857142857143	0
1.42857142857143	0.202020202020202
1.42857142857143	0.404040404040404
1.42857142857143	19.5959595959596
1.42857142857143	19.7979797979798
1.42857142857143	20
1.63265306122449	0
1.63265306122449	0.202020202020202
1.63265306122449	0.404040404040404
1.63265306122449	19.5959595959596
1.63265306122449	19.7979797979798
1.63265306122449	20
1.83673469387755	0
1.83673469387755	0.202020202020202
1.83673469387755	0.404040404040404
1.83673469387755	19.5959595959596
1.83673469387755	19.7979797979798
1.83673469387755	20
2.04081632653061	0
2.04081632653061	0.202020202020202
2.04081632653061	0.404040404040404
2.04081632653061	19.5959595959596
2.04081632653061	19.7979797979798
2.04081632653061	20
2.24489795918367	0
2.24489795918367	0.202020202020202
2.24489795918367	0.404040404040404
2.24489795918367	19.5959595959596
2.24489795918367	19.7979797979798
2.24489795918367	20
2.44897959183673	0
2.44897959183673	0.202020202020202
2.44897959183673	0.404040404040404
2.44897959183673	19.5959595959596
2.44897959183673	19.7979797979798
2.44897959183673	20
2.6530612244898	0
2.6530612244898	0.202020202020202
2.6530612244898	0.404040404040404
2.6530612244898	19.5959595959596
2.6530612244898	19.7979797979798
2.6530612244898	20
2.85714285714286	0
2.85714285714286	0.202020202020202
2.85714285714286	0.404040404040404
2.85714285714286	19.5959595959596
2.85714285714286	19.7979797979798
2.85714285714286	20
3.06122448979592	0
3.06122448979592	0.202020202020202
3.06122448979592	0.404040404040404
3.06122448979592	19.5959595959596
3.06122448979592	19.7979797979798
3.06122448979592	20
3.26530612244898	0
3.26530612244898	0.202020202020202
3.26530612244898	0.404040404040404
3.26530612244898	19.5959595959596
3.26530612244898	19.7979797979798
3.26530612244898	20
3.46938775510204	0
3.46938775510204	0.202020202020202
3.46938775510204	0.404040404040404
3.46938775510204	19.5959595959596
3.46938775510204	19.7979797979798
3.46938775510204	20
3.6734693877551	0
3.6734693877551	0.202020202020202
3.6734693877551	0.404040404040404
3.6734693877551	19.5959595959596
3.6734693877551	19.7979797979798
3.6734693877551	20
3.87755102040816	0
3.87755102040816	0.202020202020202
3.87755102040816	0.404040404040404
3.87755102040816	19.5959595959596
3.87755102040816	19.7979797979798
3.87755102040816	20
4.08163265306122	0
4.08163265306122	0.202020202020202
4.08163265306122	0.404040404040404
4.08163265306122	19.5959595959596
4.08163265306122	19.7979797979798
4.08163265306122	20
4.28571428571429	0
4.28571428571429	0.202020202020202
4.28571428571429	0.404040404040404
4.28571428571429	19.5959595959596
4.28571428571429	19.7979797979798
4.28571428571429	20
4.48979591836735	0
4.48979591836735	0.202020202020202
4.48979591836735	0.404040404040404
4.48979591836735	19.5959595959596
4.48979591836735	19.7979797979798
4.48979591836735	20
4.69387755102041	0
4.69387755102041	0.202020202020202
4.69387755102041	0.404040404040404
4.69387755102041	19.5959595959596
4.69387755102041	19.7979797979798
4.69387755102041	20
4.89795918367347	0
4.89795918367347	0.202020202020202
4.89795918367347	0.404040404040404
4.89795918367347	19.5959595959596
4.89795918367347	19.7979797979798
4.89795918367347	20
5.10204081632653	0
5.10204081632653	0.202020202020202
5.10204081632653	0.404040404040404
5.10204081632653	19.5959595959596
5.10204081632653	19.7979797979798
5.10204081632653	20
5.30612244897959	0
5.30612244897959	0.202020202020202
5.30612244897959	0.404040404040404
5.30612244897959	19.5959595959596
5.30612244897959	19.7979797979798
5.30612244897959	20
5.51020408163265	0
5.51020408163265	0.202020202020202
5.51020408163265	0.404040404040404
5.51020408163265	19.5959595959596
5.51020408163265	19.7979797979798
5.51020408163265	20
5.71428571428571	0
5.71428571428571	0.202020202020202
5.71428571428571	0.404040404040404
5.71428571428571	19.5959595959596
5.71428571428571	19.7979797979798
5.71428571428571	20
5.91836734693878	0
5.91836734693878	0.202020202020202
5.91836734693878	0.404040404040404
5.91836734693878	19.5959595959596
5.91836734693878	19.7979797979798
5.91836734693878	20
6.12244897959184	0
6.12244897959184	0.202020202020202
6.12244897959184	0.404040404040404
6.12244897959184	19.5959595959596
6.12244897959184	19.7979797979798
6.12244897959184	20
6.3265306122449	0
6.3265306122449	0.202020202020202
6.3265306122449	0.404040404040404
6.3265306122449	19.5959595959596
6.3265306122449	19.7979797979798
6.3265306122449	20
6.53061224489796	0
6.53061224489796	0.202020202020202
6.53061224489796	0.404040404040404
6.53061224489796	19.5959595959596
6.53061224489796	19.7979797979798
6.53061224489796	20
6.73469387755102	0
6.73469387755102	0.202020202020202
6.73469387755102	0.404040404040404
6.73469387755102	19.5959595959596
6.73469387755102	19.7979797979798
6.73469387755102	20
6.93877551020408	0
6.93877551020408	0.202020202020202
6.93877551020408	0.404040404040404
6.93877551020408	19.5959595959596
6.93877551020408	19.7979797979798
6.93877551020408	20
7.14285714285714	0
7.14285714285714	0.202020202020202
7.14285714285714	0.404040404040404
7.14285714285714	19.5959595959596
7.14285714285714	19.7979797979798
7.14285714285714	20
7.3469387755102	0
7.3469387755102	0.202020202020202
7.3469387755102	0.404040404040404
7.3469387755102	19.5959595959596
7.3469387755102	19.7979797979798
7.3469387755102	20
7.55102040816327	0
7.55102040816327	0.202020202020202
7.55102040816327	0.404040404040404
7.55102040816327	19.5959595959596
7.55102040816327	19.7979797979798
7.55102040816327	20
7.75510204081633	0
7.75510204081633	0.202020202020202
7.75510204081633	0.404040404040404
7.75510204081633	19.5959595959596
7.75510204081633	19.7979797979798
7.75510204081633	20
7.95918367346939	0
7.95918367346939	0.202020202020202
7.95918367346939	0.404040404040404
7.95918367346939	19.5959595959596
7.95918367346939	19.7979797979798
7.95918367346939	20
8.16326530612245	0
8.16326530612245	0.202020202020202
8.16326530612245	0.404040404040404
8.16326530612245	19.5959595959596
8.16326530612245	19.7979797979798
8.16326530612245	20
8.36734693877551	0
8.36734693877551	0.202020202020202
8.36734693877551	0.404040404040404
8.36734693877551	19.5959595959596
8.36734693877551	19.7979797979798
8.36734693877551	20
8.57142857142857	0
8.57142857142857	0.202020202020202
8.57142857142857	0.404040404040404
8.57142857142857	19.5959595959596
8.57142857142857	19.7979797979798
8.57142857142857	20
8.77551020408163	0
8.77551020408163	0.202020202020202
8.77551020408163	0.404040404040404
8.77551020408163	19.5959595959596
8.77551020408163	19.7979797979798
8.77551020408163	20
8.97959183673469	0
8.97959183673469	0.202020202020202
8.97959183673469	0.404040404040404
8.97959183673469	19.5959595959596
8.97959183673469	19.7979797979798
8.97959183673469	20
9.18367346938776	0
9.18367346938776	0.202020202020202
9.18367346938776	0.404040404040404
9.18367346938776	19.5959595959596
9.18367346938776	19.7979797979798
9.18367346938776	20
9.38775510204082	0
9.38775510204082	0.202020202020202
9.38775510204082	0.404040404040404
9.38775510204082	19.5959595959596
9.38775510204082	19.7979797979798
9.38775510204082	20
9.59183673469388	0
9.59183673469388	0.202020202020202
9.59183673469388	0.404040404040404
9.59183673469388	0.606060606060606
9.59183673469388	0.808080808080808
9.59183673469388	1.01010101010101
9.59183673469388	1.21212121212121
9.59183673469388	1.41414141414141
9.59183673469388	1.61616161616162
9.59183673469388	1.81818181818182
9.59183673469388	2.02020202020202
9.59183673469388	2.22222222222222
9.59183673469388	2.42424242424242
9.59183673469388	2.62626262626263
9.59183673469388	2.82828282828283
9.59183673469388	3.03030303030303
9.59183673469388	3.23232323232323
9.59183673469388	3.43434343434343
9.59183673469388	3.63636363636364
9.59183673469388	3.83838383838384
9.59183673469388	4.04040404040404
9.59183673469388	4.24242424242424
9.59183673469388	4.44444444444444
9.59183673469388	4.64646464646465
9.59183673469388	4.84848484848485
9.59183673469388	5.05050505050505
9.59183673469388	5.25252525252525
9.59183673469388	5.45454545454545
9.59183673469388	5.65656565656566
9.59183673469388	5.85858585858586
9.59183673469388	6.06060606060606
9.59183673469388	6.26262626262626
9.59183673469388	6.46464646464646
9.59183673469388	6.66666666666667
9.59183673469388	6.86868686868687
9.59183673469388	7.07070707070707
9.59183673469388	7.27272727272727
9.59183673469388	7.47474747474747
9.59183673469388	7.67676767676768
9.59183673469388	7.87878787878788
9.59183673469388	8.08080808080808
9.59183673469388	8.28282828282828
9.59183673469388	8.48484848484848
9.59183673469388	8.68686868686869
9.59183673469388	8.88888888888889
9.59183673469388	9.09090909090909
9.59183673469388	9.29292929292929
9.59183673469388	9.49494949494949
9.59183673469388	9.6969696969697
9.59183673469388	9.8989898989899
9.59183673469388	10.1010101010101
9.59183673469388	10.3030303030303
9.59183673469388	10.5050505050505
9.59183673469388	10.7070707070707
9.59183673469388	10.9090909090909
9.59183673469388	11.1111111111111
9.59183673469388	11.3131313131313
9.59183673469388	11.5151515151515
9.59183673469388	11.7171717171717
9.59183673469388	11.9191919191919
9.59183673469388	12.1212121212121
9.59183673469388	12.3232323232323
9.59183673469388	12.5252525252525
9.59183673469388	12.7272727272727
9.59183673469388	12.9292929292929
9.59183673469388	13.1313131313131
9.59183673469388	13.3333333333333
9.59183673469388	13.5353535353535
9.59183673469388	13.7373737373737
9.59183673469388	13.9393939393939
9.59183673469388	14.1414141414141
9.59183673469388	14.3434343434343
9.59183673469388	14.5454545454545
9.59183673469388	14.7474747474747
9.59183673469388	14.9494949494949
9.59183673469388	15.1515151515152
9.59183673469388	15.3535353535354
9.59183673469388	15.5555555555556
9.59183673469388	15.7575757575758
9.59183673469388	15.959595959596
9.59183673469388	16.1616161616162
9.59183673469388	16.3636363636364
9.59183673469388	16.5656565656566
9.59183673469388	16.7676767676768
9.59183673469388	16.969696969697
9.59183673469388	17.1717171717172
9.59183673469388	17.3737373737374
9.59183673469388	17.5757575757576
9.59183673469388	17.7777777777778
9.59183673469388	17.979797979798
9.59183673469388	18.1818181818182
9.59183673469388	18.3838383838384
9.59183673469388	18.5858585858586
9.59183673469388	18.7878787878788
9.59183673469388	18.989898989899
9.59183673469388	19.1919191919192
9.59183673469388	19.3939393939394
9.59183673469388	19.5959595959596
9.59183673469388	19.7979797979798
9.59183673469388	20
9.79591836734694	0
9.79591836734694	0.202020202020202
9.79591836734694	0.404040404040404
9.79591836734694	0.606060606060606
9.79591836734694	0.808080808080808
9.79591836734694	1.01010101010101
9.79591836734694	1.21212121212121
9.79591836734694	1.41414141414141
9.79591836734694	1.61616161616162
9.79591836734694	1.81818181818182
9.79591836734694	2.02020202020202
9.79591836734694	2.22222222222222
9.79591836734694	2.42424242424242
9.79591836734694	2.62626262626263
9.79591836734694	2.82828282828283
9.79591836734694	3.03030303030303
9.79591836734694	3.23232323232323
9.79591836734694	3.43434343434343
9.79591836734694	3.63636363636364
9.79591836734694	3.83838383838384
9.79591836734694	4.04040404040404
9.79591836734694	4.24242424242424
9.79591836734694	4.44444444444444
9.79591836734694	4.64646464646465
9.79591836734694	4.84848484848485
9.79591836734694	5.05050505050505
9.79591836734694	5.25252525252525
9.79591836734694	5.45454545454545
9.79591836734694	5.65656565656566
9.79591836734694	5.85858585858586
9.79591836734694	6.06060606060606
9.79591836734694	6.26262626262626
9.79591836734694	6.46464646464646
9.79591836734694	6.66666666666667
9.79591836734694	6.86868686868687
9.79591836734694	7.07070707070707
9.79591836734694	7.27272727272727
9.79591836734694	7.47474747474747
9.79591836734694	7.67676767676768
9.79591836734694	7.87878787878788
9.79591836734694	8.08080808080808
9.79591836734694	8.28282828282828
9.79591836734694	8.48484848484848
9.79591836734694	8.68686868686869
9.79591836734694	8.88888888888889
9.79591836734694	9.09090909090909
9.79591836734694	9.29292929292929
9.79591836734694	9.49494949494949
9.79591836734694	9.6969696969697
9.79591836734694	9.8989898989899
9.79591836734694	10.1010101010101
9.79591836734694	10.3030303030303
9.79591836734694	10.5050505050505
9.79591836734694	10.7070707070707
9.79591836734694	10.9090909090909
9.79591836734694	11.1111111111111
9.79591836734694	11.3131313131313
9.79591836734694	11.5151515151515
9.79591836734694	11.7171717171717
9.79591836734694	11.9191919191919
9.79591836734694	12.1212121212121
9.79591836734694	12.3232323232323
9.79591836734694	12.5252525252525
9.79591836734694	12.7272727272727
9.79591836734694	12.9292929292929
9.79591836734694	13.1313131313131
9.79591836734694	13.3333333333333
9.79591836734694	13.5353535353535
9.79591836734694	13.7373737373737
9.79591836734694	13.9393939393939
9.79591836734694	14.1414141414141
9.79591836734694	14.3434343434343
9.79591836734694	14.5454545454545
9.79591836734694	14.7474747474747
9.79591836734694	14.9494949494949
9.79591836734694	15.1515151515152
9.79591836734694	15.3535353535354
9.79591836734694	15.5555555555556
9.79591836734694	15.7575757575758
9.79591836734694	15.959595959596
9.79591836734694	16.1616161616162
9.79591836734694	16.3636363636364
9.79591836734694	16.5656565656566
9.79591836734694	16.7676767676768
9.79591836734694	16.969696969697
9.79591836734694	17.1717171717172
9.79591836734694	17.3737373737374
9.79591836734694	17.5757575757576
9.79591836734694	17.7777777777778
9.79591836734694	17.979797979798
9.79591836734694	18.1818181818182
9.79591836734694	18.3838383838384
9.79591836734694	18.5858585858586
9.79591836734694	18.7878787878788
9.79591836734694	18.989898989899
9.79591836734694	19.1919191919192
9.79591836734694	19.3939393939394
9.79591836734694	19.5959595959596
9.79591836734694	19.7979797979798
9.79591836734694	20
10	0
10	0.202020202020202
10	0.404040404040404
10	0.606060606060606
10	0.808080808080808
10	1.01010101010101
10	1.21212121212121
10	1.41414141414141
10	1.61616161616162
10	1.81818181818182
10	2.02020202020202
10	2.22222222222222
10	2.42424242424242
10	2.62626262626263
10	2.82828282828283
10	3.03030303030303
10	3.23232323232323
10	3.43434343434343
10	3.63636363636364
10	3.83838383838384
10	4.04040404040404
10	4.24242424242424
10	4.44444444444444
10	4.64646464646465
10	4.84848484848485
10	5.05050505050505
10	5.25252525252525
10	5.45454545454545
10	5.65656565656566
10	5.85858585858586
10	6.06060606060606
10	6.26262626262626
10	6.46464646464646
10	6.66666666666667
10	6.86868686868687
10	7.07070707070707
10	7.27272727272727
10	7.47474747474747
10	7.67676767676768
10	7.87878787878788
10	8.08080808080808
10	8.28282828282828
10	8.48484848484848
10	8.68686868686869
10	8.88888888888889
10	9.09090909090909
10	9.29292929292929
10	9.49494949494949
10	9.6969696969697
10	9.8989898989899
10	10.1010101010101
10	10.3030303030303
10	10.5050505050505
10	10.7070707070707
10	10.9090909090909
10	11.1111111111111
10	11.3131313131313
10	11.5151515151515
10	11.7171717171717
10	11.9191919191919
10	12.1212121212121
10	12.3232323232323
10	12.5252525252525
10	12.7272727272727
10	12.9292929292929
10	13.1313131313131
10	13.3333333333333
10	13.5353535353535
10	13.7373737373737
10	13.9393939393939
10	14.1414141414141
10	14.3434343434343
10	14.5454545454545
10	14.7474747474747
10	14.9494949494949
10	15.1515151515152
10	15.3535353535354
10	15.5555555555556
10	15.7575757575758
10	15.959595959596
10	16.1616161616162
10	16.3636363636364
10	16.5656565656566
10	16.7676767676768
10	16.969696969697
10	17.1717171717172
10	17.3737373737374
10	17.5757575757576
10	17.7777777777778
10	17.979797979798
10	18.1818181818182
10	18.3838383838384
10	18.5858585858586
10	18.7878787878788
10	18.989898989899
10	19.1919191919192
10	19.3939393939394
10	19.5959595959596
10	19.7979797979798
10	20
2.10169491525424	9.93220338983051
2.10169491525424	10.0338983050847
2.10169491525424	10.135593220339
2.20338983050847	9.93220338983051
2.20338983050847	10.0338983050847
2.20338983050847	10.135593220339
2.20338983050847	10.2372881355932
2.30508474576271	9.83050847457627
2.30508474576271	9.93220338983051
2.30508474576271	10.0338983050847
2.30508474576271	10.135593220339
2.30508474576271	10.2372881355932
2.30508474576271	10.3389830508475
2.40677966101695	9.72881355932203
2.40677966101695	9.83050847457627
2.40677966101695	9.93220338983051
2.40677966101695	10.0338983050847
2.40677966101695	10.135593220339
2.40677966101695	10.2372881355932
2.40677966101695	10.3389830508475
2.40677966101695	10.4406779661017
2.40677966101695	10.5423728813559
2.50847457627119	9.72881355932203
2.50847457627119	9.83050847457627
2.50847457627119	9.93220338983051
2.50847457627119	10.0338983050847
2.50847457627119	10.135593220339
2.50847457627119	10.2372881355932
2.50847457627119	10.3389830508475
2.50847457627119	10.4406779661017
2.50847457627119	10.5423728813559
2.50847457627119	10.6440677966102
2.61016949152542	9.6271186440678
2.61016949152542	9.72881355932203
2.61016949152542	9.83050847457627
2.61016949152542	9.93220338983051
2.61016949152542	10.0338983050847
2.61016949152542	10.135593220339
2.61016949152542	10.2372881355932
2.61016949152542	10.3389830508475
2.61016949152542	10.4406779661017
2.61016949152542	10.5423728813559
2.61016949152542	10.6440677966102
2.61016949152542	10.7457627118644
2.71186440677966	9.6271186440678
2.71186440677966	9.72881355932203
2.71186440677966	9.83050847457627
2.71186440677966	9.93220338983051
2.71186440677966	10.0338983050847
2.71186440677966	10.135593220339
2.71186440677966	10.2372881355932
2.71186440677966	10.3389830508475
2.71186440677966	10.4406779661017
2.71186440677966	10.5423728813559
2.71186440677966	10.6440677966102
2.71186440677966	10.7457627118644
2.71186440677966	10.8474576271186
2.8135593220339	9.52542372881356
2.8135593220339	9.6271186440678
2.8135593220339	9.72881355932203
2.8135593220339	9.83050847457627
2.8135593220339	9.93220338983051
2.8135593220339	10.0338983050847
2.8135593220339	10.135593220339
2.8135593220339	10.2372881355932
2.8135593220339	10.3389830508475
2.8135593220339	10.4406779661017
2.8135593220339	10.5423728813559
2.8135593220339	10.6440677966102
2.8135593220339	10.7457627118644
2.8135593220339	10.8474576271186
2.8135593220339	10.9491525423729
2.8135593220339	11.0508474576271
2.91525423728814	9.42372881355932
2.91525423728814	9.52542372881356
2.91525423728814	9.6271186440678
2.91525423728814	9.72881355932203
2.91525423728814	9.83050847457627
2.91525423728814	9.93220338983051
2.91525423728814	10.0338983050847
2.91525423728814	10.135593220339
2.91525423728814	10.2372881355932
2.91525423728814	10.3389830508475
2.91525423728814	10.4406779661017
2.91525423728814	10.5423728813559
2.91525423728814	10.6440677966102
2.91525423728814	10.7457627118644
2.91525423728814	10.8474576271186
2.91525423728814	10.9491525423729
2.91525423728814	11.0508474576271
2.91525423728814	11.1525423728814
3.01694915254237	9.32203389830508
3.01694915254237	9.42372881355932
3.01694915254237	9.52542372881356
3.01694915254237	9.6271186440678
3.01694915254237	9.72881355932203
3.01694915254237	9.83050847457627
3.01694915254237	9.93220338983051
3.01694915254237	10.0338983050847
3.01694915254237	10.135593220339
3.01694915254237	10.2372881355932
3.01694915254237	10.3389830508475
3.01694915254237	10.4406779661017
3.01694915254237	10.5423728813559
3.01694915254237	10.6440677966102
3.01694915254237	10.7457627118644
3.01694915254237	10.8474576271186
3.01694915254237	10.9491525423729
3.01694915254237	11.0508474576271
3.01694915254237	11.1525423728814
3.01694915254237	11.2542372881356
3.01694915254237	11.3559322033898
3.11864406779661	9.32203389830508
3.11864406779661	9.42372881355932
3.11864406779661	9.52542372881356
3.11864406779661	9.6271186440678
3.11864406779661	9.72881355932203
3.11864406779661	9.83050847457627
3.11864406779661	9.93220338983051
3.11864406779661	10.0338983050847
3.11864406779661	10.135593220339
3.11864406779661	10.2372881355932
3.11864406779661	10.3389830508475
3.11864406779661	10.4406779661017
3.11864406779661	10.5423728813559
3.11864406779661	10.6440677966102
3.11864406779661	10.7457627118644
3.11864406779661	10.8474576271186
3.11864406779661	10.9491525423729
3.11864406779661	11.0508474576271
3.11864406779661	11.1525423728814
3.11864406779661	11.2542372881356
3.11864406779661	11.3559322033898
3.11864406779661	11.4576271186441
3.22033898305085	9.22033898305085
3.22033898305085	9.32203389830508
3.22033898305085	9.42372881355932
3.22033898305085	9.52542372881356
3.22033898305085	9.6271186440678
3.22033898305085	9.72881355932203
3.22033898305085	9.83050847457627
3.22033898305085	9.93220338983051
3.22033898305085	10.0338983050847
3.22033898305085	10.135593220339
3.22033898305085	10.2372881355932
3.22033898305085	10.3389830508475
3.22033898305085	10.4406779661017
3.22033898305085	10.5423728813559
3.22033898305085	10.6440677966102
3.22033898305085	10.7457627118644
3.22033898305085	10.8474576271186
3.22033898305085	10.9491525423729
3.22033898305085	11.0508474576271
3.22033898305085	11.1525423728814
3.22033898305085	11.2542372881356
3.22033898305085	11.3559322033898
3.22033898305085	11.4576271186441
3.22033898305085	11.5593220338983
3.32203389830508	9.11864406779661
3.32203389830508	9.22033898305085
3.32203389830508	9.32203389830508
3.32203389830508	9.42372881355932
3.32203389830508	9.52542372881356
3.32203389830508	9.6271186440678
3.32203389830508	9.72881355932203
3.32203389830508	9.83050847457627
3.32203389830508	9.93220338983051
3.32203389830508	10.0338983050847
3.32203389830508	10.135593220339
3.32203389830508	10.2372881355932
3.32203389830508	10.3389830508475
3.32203389830508	10.4406779661017
3.32203389830508	10.5423728813559
3.32203389830508	10.6440677966102
3.32203389830508	10.7457627118644
3.32203389830508	10.8474576271186
3.32203389830508	10.9491525423729
3.32203389830508	11.0508474576271
3.32203389830508	11.1525423728814
3.32203389830508	11.2542372881356
3.32203389830508	11.3559322033898
3.32203389830508	11.4576271186441
3.32203389830508	11.5593220338983
3.32203389830508	11.6610169491525
3.32203389830508	11.7627118644068
3.42372881355932	9.11864406779661
3.42372881355932	9.22033898305085
3.42372881355932	9.32203389830508
3.42372881355932	9.42372881355932
3.42372881355932	9.52542372881356
3.42372881355932	9.6271186440678
3.42372881355932	9.72881355932203
3.42372881355932	9.83050847457627
3.42372881355932	9.93220338983051
3.42372881355932	10.0338983050847
3.42372881355932	10.135593220339
3.42372881355932	10.2372881355932
3.42372881355932	10.3389830508475
3.42372881355932	10.4406779661017
3.42372881355932	10.5423728813559
3.42372881355932	10.6440677966102
3.42372881355932	10.7457627118644
3.42372881355932	10.8474576271186
3.42372881355932	10.9491525423729
3.42372881355932	11.0508474576271
3.42372881355932	11.1525423728814
3.42372881355932	11.2542372881356
3.42372881355932	11.3559322033898
3.42372881355932	11.4576271186441
3.42372881355932	11.5593220338983
3.42372881355932	11.6610169491525
3.42372881355932	11.7627118644068
3.42372881355932	11.864406779661
3.52542372881356	9.01694915254237
3.52542372881356	9.11864406779661
3.52542372881356	9.22033898305085
3.52542372881356	9.32203389830508
3.52542372881356	9.42372881355932
3.52542372881356	9.52542372881356
3.52542372881356	9.6271186440678
3.52542372881356	9.72881355932203
3.52542372881356	9.83050847457627
3.52542372881356	9.93220338983051
3.52542372881356	10.0338983050847
3.52542372881356	10.135593220339
3.52542372881356	10.2372881355932
3.52542372881356	10.3389830508475
3.52542372881356	10.4406779661017
3.52542372881356	10.5423728813559
3.52542372881356	10.6440677966102
3.52542372881356	10.7457627118644
3.52542372881356	10.8474576271186
3.52542372881356	10.9491525423729
3.52542372881356	11.0508474576271
3.52542372881356	11.1525423728814
3.52542372881356	11.2542372881356
3.52542372881356	11.3559322033898
3.52542372881356	11.4576271186441
3.52542372881356	11.5593220338983
3.52542372881356	11.6610169491525
3.52542372881356	11.7627118644068
3.52542372881356	11.864406779661
3.52542372881356	11.9661016949153
3.6271186440678	9.01694915254237
3.6271186440678	9.11864406779661
3.6271186440678	9.22033898305085
3.6271186440678	9.32203389830508
3.6271186440678	9.42372881355932
3.6271186440678	9.52542372881356
3.6271186440678	9.6271186440678
3.6271186440678	9.72881355932203
3.6271186440678	9.83050847457627
3.6271186440678	9.93220338983051
3.6271186440678	10.0338983050847
3.6271186440678	10.135593220339
3.6271186440678	10.2372881355932
3.6271186440678	10.3389830508475
3.6271186440678	10.4406779661017
3.6271186440678	10.5423728813559
3.6271186440678	10.6440677966102
3.6271186440678	10.7457627118644
3.6271186440678	10.8474576271186
3.6271186440678	10.9491525423729
3.6271186440678	11.0508474576271
3.6271186440678	11.1525423728814
3.6271186440678	11.2542372881356
3.6271186440678	11.3559322033898
3.6271186440678	11.4576271186441
3.6271186440678	11.5593220338983
3.6271186440678	11.6610169491525
3.6271186440678	11.7627118644068
3.6271186440678	11.864406779661
3.6271186440678	11.9661016949153
3.6271186440678	12.0677966101695
3.72881355932203	8.91525423728813
3.72881355932203	9.01694915254237
3.72881355932203	9.11864406779661
3.72881355932203	9.22033898305085
3.72881355932203	9.32203389830508
3.72881355932203	9.42372881355932
3.72881355932203	9.52542372881356
3.72881355932203	9.6271186440678
3.72881355932203	9.72881355932203
3.72881355932203	9.83050847457627
3.72881355932203	9.93220338983051
3.72881355932203	10.0338983050847
3.72881355932203	10.135593220339
3.72881355932203	10.2372881355932
3.72881355932203	10.3389830508475
3.72881355932203	10.4406779661017
3.72881355932203	10.5423728813559
3.72881355932203	10.6440677966102
3.72881355932203	10.7457627118644
3.72881355932203	10.8474576271186
3.72881355932203	10.9491525423729
3.72881355932203	11.0508474576271
3.72881355932203	11.1525423728814
3.72881355932203	11.2542372881356
3.72881355932203	11.3559322033898
3.72881355932203	11.4576271186441
3.72881355932203	11.5593220338983
3.72881355932203	11.6610169491525
3.72881355932203	11.7627118644068
3.72881355932203	11.864406779661
3.72881355932203	11.9661016949153
3.72881355932203	12.0677966101695
3.72881355932203	12.1694915254237
3.72881355932203	12.271186440678
3.83050847457627	8.8135593220339
3.83050847457627	8.91525423728813
3.83050847457627	9.01694915254237
3.83050847457627	9.11864406779661
3.83050847457627	9.22033898305085
3.83050847457627	9.32203389830508
3.83050847457627	9.42372881355932
3.83050847457627	9.52542372881356
3.83050847457627	9.6271186440678
3.83050847457627	9.72881355932203
3.83050847457627	9.83050847457627
3.83050847457627	9.93220338983051
3.83050847457627	10.0338983050847
3.83050847457627	10.135593220339
3.83050847457627	10.2372881355932
3.83050847457627	10.3389830508475
3.83050847457627	10.4406779661017
3.83050847457627	10.5423728813559
3.83050847457627	10.6440677966102
3.83050847457627	10.7457627118644
3.83050847457627	10.8474576271186
3.83050847457627	10.9491525423729
3.83050847457627	11.0508474576271
3.83050847457627	11.1525423728814
3.83050847457627	11.2542372881356
3.83050847457627	11.3559322033898
3.83050847457627	11.4576271186441
3.83050847457627	11.5593220338983
3.83050847457627	11.6610169491525
3.83050847457627	11.7627118644068
3.83050847457627	11.864406779661
3.83050847457627	11.9661016949153
3.83050847457627	12.0677966101695
3.83050847457627	12.1694915254237
3.83050847457627	12.271186440678
3.83050847457627	12.3728813559322
3.93220338983051	8.71186440677966
3.93220338983051	8.8135593220339
3.93220338983051	8.91525423728813
3.93220338983051	9.01694915254237
3.93220338983051	9.11864406779661
3.93220338983051	9.22033898305085
3.93220338983051	9.32203389830508
3.93220338983051	9.42372881355932
3.93220338983051	9.52542372881356
3.93220338983051	9.6271186440678
3.93220338983051	9.72881355932203
3.93220338983051	9.83050847457627
3.93220338983051	9.93220338983051
3.93220338983051	10.0338983050847
3.93220338983051	10.135593220339
3.93220338983051	10.2372881355932
3.93220338983051	10.3389830508475
3.93220338983051	10.4406779661017
3.93220338983051	10.5423728813559
3.93220338983051	10.6440677966102
3.93220338983051	10.7457627118644
3.93220338983051	10.8474576271186
3.93220338983051	10.9491525423729
3.93220338983051	11.0508474576271
3.93220338983051	11.1525423728814
3.93220338983051	11.2542372881356
3.93220338983051	11.3559322033898
3.93220338983051	11.4576271186441
3.93220338983051	11.5593220338983
3.93220338983051	11.6610169491525
3.93220338983051	11.7627118644068
3.93220338983051	11.864406779661
3.93220338983051	11.9661016949153
3.93220338983051	12.0677966101695
3.93220338983051	12.1694915254237
3.93220338983051	12.271186440678
3.93220338983051	12.3728813559322
3.93220338983051	12.4745762711864
3.93220338983051	12.5762711864407
4.03389830508475	8.71186440677966
4.03389830508475	8.8135593220339
4.03389830508475	8.91525423728813
4.03389830508475	9.01694915254237
4.03389830508475	9.11864406779661
4.03389830508475	9.22033898305085
4.03389830508475	9.32203389830508
4.03389830508475	9.42372881355932
4.03389830508475	9.52542372881356
4.03389830508475	9.6271186440678
4.03389830508475	9.72881355932203
4.03389830508475	9.83050847457627
4.03389830508475	9.93220338983051
4.03389830508475	10.0338983050847
4.03389830508475	10.135593220339
4.03389830508475	10.2372881355932
4.03389830508475	10.3389830508475
4.03389830508475	10.4406779661017
4.03389830508475	10.5423728813559
4.03389830508475	10.6440677966102
4.03389830508475	10.7457627118644
4.03389830508475	10.8474576271186
4.03389830508475	10.9491525423729
4.03389830508475	11.0508474576271
4.03389830508475	11.1525423728814
4.03389830508475	11.2542372881356
4.03389830508475	11.3559322033898
4.03389830508475	11.4576271186441
4.03389830508475	11.5593220338983
4.03389830508475	11.6610169491525
4.03389830508475	11.7627118644068
4.03389830508475	11.864406779661
4.03389830508475	11.9661016949153
4.03389830508475	12.0677966101695
4.03389830508475	12.1694915254237
4.03389830508475	12.271186440678
4.03389830508475	12.3728813559322
4.03389830508475	12.4745762711864
4.03389830508475	12.5762711864407
4.03389830508475	12.6779661016949
4.13559322033898	8.61016949152542
4.13559322033898	8.71186440677966
4.13559322033898	8.8135593220339
4.13559322033898	8.91525423728813
4.13559322033898	9.01694915254237
4.13559322033898	9.11864406779661
4.13559322033898	9.22033898305085
4.13559322033898	9.32203389830508
4.13559322033898	9.42372881355932
4.13559322033898	9.52542372881356
4.13559322033898	9.6271186440678
4.13559322033898	9.72881355932203
4.13559322033898	9.83050847457627
4.13559322033898	9.93220338983051
4.13559322033898	10.0338983050847
4.13559322033898	10.135593220339
4.13559322033898	10.2372881355932
4.13559322033898	10.3389830508475
4.13559322033898	10.4406779661017
4.13559322033898	10.5423728813559
4.13559322033898	10.6440677966102
4.13559322033898	10.7457627118644
4.13559322033898	10.8474576271186
4.13559322033898	10.9491525423729
4.13559322033898	11.0508474576271
4.13559322033898	11.1525423728814
4.13559322033898	11.2542372881356
4.13559322033898	11.3559322033898
4.13559322033898	11.4576271186441
4.13559322033898	11.5593220338983
4.13559322033898	11.6610169491525
4.13559322033898	11.7627118644068
4.13559322033898	11.864406779661
4.13559322033898	11.9661016949153
4.13559322033898	12.0677966101695
4.13559322033898	12.1694915254237
4.13559322033898	12.271186440678
4.13559322033898	12.3728813559322
4.13559322033898	12.4745762711864
4.13559322033898	12.5762711864407
4.13559322033898	12.6779661016949
4.13559322033898	12.7796610169492
4.23728813559322	8.50847457627119
4.23728813559322	8.61016949152542
4.23728813559322	8.71186440677966
4.23728813559322	8.8135593220339
4.23728813559322	8.91525423728813
4.23728813559322	9.01694915254237
4.23728813559322	9.11864406779661
4.23728813559322	9.22033898305085
4.23728813559322	9.32203389830508
4.23728813559322	9.42372881355932
4.23728813559322	9.52542372881356
4.23728813559322	9.6271186440678
4.23728813559322	9.72881355932203
4.23728813559322	9.83050847457627
4.23728813559322	9.93220338983051
4.23728813559322	10.0338983050847
4.23728813559322	10.135593220339
4.23728813559322	10.2372881355932
4.23728813559322	10.3389830508475
4.23728813559322	10.4406779661017
4.23728813559322	10.5423728813559
4.23728813559322	10.6440677966102
4.23728813559322	10.7457627118644
4.23728813559322	10.8474576271186
4.23728813559322	10.9491525423729
4.23728813559322	11.0508474576271
4.23728813559322	11.1525423728814
4.23728813559322	11.2542372881356
4.23728813559322	11.3559322033898
4.23728813559322	11.4576271186441
4.23728813559322	11.5593220338983
4.23728813559322	11.6610169491525
4.23728813559322	11.7627118644068
4.23728813559322	11.864406779661
4.23728813559322	11.9661016949153
4.23728813559322	12.0677966101695
4.23728813559322	12.1694915254237
4.23728813559322	12.271186440678
4.23728813559322	12.3728813559322
4.23728813559322	12.4745762711864
4.23728813559322	12.5762711864407
4.23728813559322	12.6779661016949
4.23728813559322	12.7796610169492
4.23728813559322	12.8813559322034
4.23728813559322	12.9830508474576
4.33898305084746	8.50847457627119
4.33898305084746	8.61016949152542
4.33898305084746	8.71186440677966
4.33898305084746	8.8135593220339
4.33898305084746	8.91525423728813
4.33898305084746	9.01694915254237
4.33898305084746	9.11864406779661
4.33898305084746	9.22033898305085
4.33898305084746	9.32203389830508
4.33898305084746	9.42372881355932
4.33898305084746	9.52542372881356
4.33898305084746	9.6271186440678
4.33898305084746	9.72881355932203
4.33898305084746	9.83050847457627
4.33898305084746	9.93220338983051
4.33898305084746	10.0338983050847
4.33898305084746	10.135593220339
4.33898305084746	10.2372881355932
4.33898305084746	10.3389830508475
4.33898305084746	10.4406779661017
4.33898305084746	10.5423728813559
4.33898305084746	10.6440677966102
4.33898305084746	10.7457627118644
4.33898305084746	10.8474576271186
4.33898305084746	10.9491525423729
4.33898305084746	11.0508474576271
4.33898305084746	11.1525423728814
4.33898305084746	11.2542372881356
4.33898305084746	11.3559322033898
4.33898305084746	11.4576271186441
4.33898305084746	11.5593220338983
4.33898305084746	11.6610169491525
4.33898305084746	11.7627118644068
4.33898305084746	11.864406779661
4.33898305084746	11.9661016949153
4.33898305084746	12.0677966101695
4.33898305084746	12.1694915254237
4.33898305084746	12.271186440678
4.33898305084746	12.3728813559322
4.33898305084746	12.4745762711864
4.33898305084746	12.5762711864407
4.33898305084746	12.6779661016949
4.33898305084746	12.7796610169492
4.33898305084746	12.8813559322034
4.33898305084746	12.9830508474576
4.33898305084746	13.0847457627119
4.4406779661017	8.40677966101695
4.4406779661017	8.50847457627119
4.4406779661017	8.61016949152542
4.4406779661017	8.71186440677966
4.4406779661017	8.8135593220339
4.4406779661017	8.91525423728813
4.4406779661017	9.01694915254237
4.4406779661017	9.11864406779661
4.4406779661017	9.22033898305085
4.4406779661017	9.32203389830508
4.4406779661017	9.42372881355932
4.4406779661017	9.52542372881356
4.4406779661017	9.6271186440678
4.4406779661017	9.72881355932203
4.4406779661017	9.83050847457627
4.4406779661017	9.93220338983051
4.4406779661017	10.0338983050847
4.4406779661017	10.135593220339
4.4406779661017	10.2372881355932
4.4406779661017	10.3389830508475
4.4406779661017	10.4406779661017
4.4406779661017	10.5423728813559
4.4406779661017	10.6440677966102
4.4406779661017	10.7457627118644
4.4406779661017	10.8474576271186
4.4406779661017	10.9491525423729
4.4406779661017	11.0508474576271
4.4406779661017	11.1525423728814
4.4406779661017	11.2542372881356
4.4406779661017	11.3559322033898
4.4406779661017	11.4576271186441
4.4406779661017	11.5593220338983
4.4406779661017	11.6610169491525
4.4406779661017	11.7627118644068
4.4406779661017	11.864406779661
4.4406779661017	11.9661016949153
4.4406779661017	12.0677966101695
4.4406779661017	12.1694915254237
4.4406779661017	12.271186440678
4.4406779661017	12.3728813559322
4.4406779661017	12.4745762711864
4.4406779661017	12.5762711864407
4.4406779661017	12.6779661016949
4.4406779661017	12.7796610169492
4.4406779661017	12.8813559322034
4.4406779661017	12.9830508474576
4.4406779661017	13.0847457627119
4.4406779661017	13.1864406779661
4.54237288135593	8.40677966101695
4.54237288135593	8.50847457627119
4.54237288135593	8.61016949152542
4.54237288135593	8.71186440677966
4.54237288135593	8.8135593220339
4.54237288135593	8.91525423728813
4.54237288135593	9.01694915254237
4.54237288135593	9.11864406779661
4.54237288135593	9.22033898305085
4.54237288135593	9.32203389830508
4.54237288135593	9.42372881355932
4.54237288135593	9.52542372881356
4.54237288135593	9.6271186440678
4.54237288135593	9.72881355932203
4.54237288135593	9.83050847457627
4.54237288135593	9.93220338983051
4.54237288135593	10.0338983050847
4.54237288135593	10.135593220339
4.54237288135593	10.2372881355932
4.54237288135593	10.3389830508475
4.54237288135593	10.4406779661017
4.54237288135593	10.5423728813559
4.54237288135593	10.6440677966102
4.54237288135593	10.7457627118644
4.54237288135593	10.8474576271186
4.54237288135593	10.9491525423729
4.54237288135593	11.0508474576271
4.54237288135593	11.1525423728814
4.54237288135593	11.2542372881356
4.54237288135593	11.3559322033898
4.54237288135593	11.4576271186441
4.54237288135593	11.5593220338983
4.54237288135593	11.6610169491525
4.54237288135593	11.7627118644068
4.54237288135593	11.864406779661
4.54237288135593	11.9661016949153
4.54237288135593	12.0677966101695
4.54237288135593	12.1694915254237
4.54237288135593	12.271186440678
4.54237288135593	12.3728813559322
4.54237288135593	12.4745762711864
4.54237288135593	12.5762711864407
4.54237288135593	12.6779661016949
4.54237288135593	12.7796610169492
4.54237288135593	12.8813559322034
4.54237288135593	12.9830508474576
4.54237288135593	13.0847457627119
4.54237288135593	13.1864406779661
4.54237288135593	13.2881355932203
4.54237288135593	13.3898305084746
4.64406779661017	8.30508474576271
4.64406779661017	8.40677966101695
4.64406779661017	8.50847457627119
4.64406779661017	8.61016949152542
4.64406779661017	8.71186440677966
4.64406779661017	8.8135593220339
4.64406779661017	8.91525423728813
4.64406779661017	9.01694915254237
4.64406779661017	9.11864406779661
4.64406779661017	9.22033898305085
4.64406779661017	9.32203389830508
4.64406779661017	9.42372881355932
4.64406779661017	9.52542372881356
4.64406779661017	9.6271186440678
4.64406779661017	9.72881355932203
4.64406779661017	9.83050847457627
4.64406779661017	9.93220338983051
4.64406779661017	10.0338983050847
4.64406779661017	10.135593220339
4.64406779661017	10.2372881355932
4.64406779661017	10.3389830508475
4.64406779661017	10.4406779661017
4.64406779661017	10.5423728813559
4.64406779661017	10.6440677966102
4.64406779661017	10.7457627118644
4.64406779661017	10.8474576271186
4.64406779661017	10.9491525423729
4.64406779661017	11.0508474576271
4.64406779661017	11.1525423728814
4.64406779661017	11.2542372881356
4.64406779661017	11.3559322033898
4.64406779661017	11.4576271186441
4.64406779661017	11.5593220338983
4.64406779661017	11.6610169491525
4.64406779661017	11.7627118644068
4.64406779661017	11.864406779661
4.64406779661017	11.9661016949153
4.64406779661017	12.0677966101695
4.64406779661017	12.1694915254237
4.64406779661017	12.271186440678
4.64406779661017	12.3728813559322
4.64406779661017	12.4745762711864
4.64406779661017	12.5762711864407
4.64406779661017	12.6779661016949
4.64406779661017	12.7796610169492
4.64406779661017	12.8813559322034
4.64406779661017	12.9830508474576
4.64406779661017	13.0847457627119
4.64406779661017	13.1864406779661
4.64406779661017	13.2881355932203
4.64406779661017	13.3898305084746
4.64406779661017	13.4915254237288
4.74576271186441	8.20338983050847
4.74576271186441	8.30508474576271
4.74576271186441	8.40677966101695
4.74576271186441	8.50847457627119
4.74576271186441	8.61016949152542
4.74576271186441	8.71186440677966
4.74576271186441	8.8135593220339
4.74576271186441	8.91525423728813
4.74576271186441	9.01694915254237
4.74576271186441	9.11864406779661
4.74576271186441	9.22033898305085
4.74576271186441	9.32203389830508
4.74576271186441	9.42372881355932
4.74576271186441	9.52542372881356
4.74576271186441	9.6271186440678
4.74576271186441	9.72881355932203
4.74576271186441	9.83050847457627
4.74576271186441	9.93220338983051
4.74576271186441	10.0338983050847
4.74576271186441	10.135593220339
4.74576271186441	10.2372881355932
4.74576271186441	10.3389830508475
4.74576271186441	10.4406779661017
4.74576271186441	10.5423728813559
4.74576271186441	10.6440677966102
4.74576271186441	10.7457627118644
4.74576271186441	10.8474576271186
4.74576271186441	10.9491525423729
4.74576271186441	11.0508474576271
4.74576271186441	11.1525423728814
4.74576271186441	11.2542372881356
4.74576271186441	11.3559322033898
4.74576271186441	11.4576271186441
4.74576271186441	11.5593220338983
4.74576271186441	11.6610169491525
4.74576271186441	11.7627118644068
4.74576271186441	11.864406779661
4.74576271186441	11.9661016949153
4.74576271186441	12.0677966101695
4.74576271186441	12.1694915254237
4.74576271186441	12.271186440678
4.74576271186441	12.3728813559322
4.74576271186441	12.4745762711864
4.74576271186441	12.5762711864407
4.74576271186441	12.6779661016949
4.74576271186441	12.7796610169492
4.74576271186441	12.8813559322034
4.74576271186441	12.9830508474576
4.74576271186441	13.0847457627119
4.74576271186441	13.1864406779661
4.74576271186441	13.2881355932203
4.74576271186441	13.3898305084746
4.74576271186441	13.4915254237288
4.74576271186441	13.5932203389831
4.84745762711864	8.20338983050847
4.84745762711864	8.30508474576271
4.84745762711864	8.40677966101695
4.84745762711864	8.50847457627119
4.84745762711864	8.61016949152542
4.84745762711864	8.71186440677966
4.84745762711864	8.8135593220339
4.84745762711864	8.91525423728813
4.84745762711864	9.01694915254237
4.84745762711864	9.11864406779661
4.84745762711864	9.22033898305085
4.84745762711864	9.32203389830508
4.84745762711864	9.42372881355932
4.84745762711864	9.52542372881356
4.84745762711864	9.6271186440678
4.84745762711864	9.72881355932203
4.84745762711864	9.83050847457627
4.84745762711864	9.93220338983051
4.84745762711864	10.0338983050847
4.84745762711864	10.135593220339
4.84745762711864	10.2372881355932
4.84745762711864	10.3389830508475
4.84745762711864	10.4406779661017
4.84745762711864	10.5423728813559
4.84745762711864	10.6440677966102
4.84745762711864	10.7457627118644
4.84745762711864	10.8474576271186
4.84745762711864	10.9491525423729
4.84745762711864	11.0508474576271
4.84745762711864	11.1525423728814
4.84745762711864	11.2542372881356
4.84745762711864	11.3559322033898
4.84745762711864	11.4576271186441
4.84745762711864	11.5593220338983
4.84745762711864	11.6610169491525
4.84745762711864	11.7627118644068
4.84745762711864	11.864406779661
4.84745762711864	11.9661016949153
4.84745762711864	12.0677966101695
4.84745762711864	12.1694915254237
4.84745762711864	12.271186440678
4.84745762711864	12.3728813559322
4.84745762711864	12.4745762711864
4.84745762711864	12.5762711864407
4.84745762711864	12.6779661016949
4.84745762711864	12.7796610169492
4.84745762711864	12.8813559322034
4.84745762711864	12.9830508474576
4.84745762711864	13.0847457627119
4.84745762711864	13.1864406779661
4.84745762711864	13.2881355932203
4.84745762711864	13.3898305084746
4.84745762711864	13.4915254237288
4.84745762711864	13.5932203389831
4.84745762711864	13.6949152542373
4.94915254237288	8.10169491525424
4.94915254237288	8.20338983050847
4.94915254237288	8.30508474576271
4.94915254237288	8.40677966101695
4.94915254237288	8.50847457627119
4.94915254237288	8.61016949152542
4.94915254237288	8.71186440677966
4.94915254237288	8.8135593220339
4.94915254237288	8.91525423728813
4.94915254237288	9.01694915254237
4.94915254237288	9.11864406779661
4.94915254237288	9.22033898305085
4.94915254237288	9.32203389830508
4.94915254237288	9.42372881355932
4.94915254237288	9.52542372881356
4.94915254237288	9.6271186440678
4.94915254237288	9.72881355932203
4.94915254237288	9.83050847457627
4.94915254237288	9.93220338983051
4.94915254237288	10.0338983050847
4.94915254237288	10.135593220339
4.94915254237288	10.2372881355932
4.94915254237288	10.3389830508475
4.94915254237288	10.4406779661017
4.94915254237288	10.5423728813559
4.94915254237288	10.6440677966102
4.94915254237288	10.7457627118644
4.94915254237288	10.8474576271186
4.94915254237288	10.9491525423729
4.94915254237288	11.0508474576271
4.94915254237288	11.1525423728814
4.94915254237288	11.2542372881356
4.94915254237288	11.3559322033898
4.94915254237288	11.4576271186441
4.94915254237288	11.5593220338983
4.94915254237288	11.6610169491525
4.94915254237288	11.7627118644068
4.94915254237288	11.864406779661
4.94915254237288	11.9661016949153
4.94915254237288	12.0677966101695
4.94915254237288	12.1694915254237
4.94915254237288	12.271186440678
4.94915254237288	12.3728813559322
4.94915254237288	12.4745762711864
4.94915254237288	12.5762711864407
4.94915254237288	12.6779661016949
4.94915254237288	12.7796610169492
4.94915254237288	12.8813559322034
4.94915254237288	12.9830508474576
4.94915254237288	13.0847457627119
4.94915254237288	13.1864406779661
4.94915254237288	13.2881355932203
4.94915254237288	13.3898305084746
4.94915254237288	13.4915254237288
4.94915254237288	13.5932203389831
4.94915254237288	13.6949152542373
4.94915254237288	13.7966101694915
4.94915254237288	13.8983050847458
5.05084745762712	8.10169491525424
5.05084745762712	8.20338983050847
5.05084745762712	8.30508474576271
5.05084745762712	8.40677966101695
5.05084745762712	8.50847457627119
5.05084745762712	8.61016949152542
5.05084745762712	8.71186440677966
5.05084745762712	8.8135593220339
5.05084745762712	8.91525423728813
5.05084745762712	9.01694915254237
5.05084745762712	9.11864406779661
5.05084745762712	9.22033898305085
5.05084745762712	9.32203389830508
5.05084745762712	9.42372881355932
5.05084745762712	9.52542372881356
5.05084745762712	9.6271186440678
5.05084745762712	9.72881355932203
5.05084745762712	9.83050847457627
5.05084745762712	9.93220338983051
5.05084745762712	10.0338983050847
5.05084745762712	10.135593220339
5.05084745762712	10.2372881355932
5.05084745762712	10.3389830508475
5.05084745762712	10.4406779661017
5.05084745762712	10.5423728813559
5.05084745762712	10.6440677966102
5.05084745762712	10.7457627118644
5.05084745762712	10.8474576271186
5.05084745762712	10.9491525423729
5.05084745762712	11.0508474576271
5.05084745762712	11.1525423728814
5.05084745762712	11.2542372881356
5.05084745762712	11.3559322033898
5.05084745762712	11.4576271186441
5.05084745762712	11.5593220338983
5.05084745762712	11.6610169491525
5.05084745762712	11.7627118644068
5.05084745762712	11.864406779661
5.05084745762712	11.9661016949153
5.05084745762712	12.0677966101695
5.05084745762712	12.1694915254237
5.05084745762712	12.271186440678
5.05084745762712	12.3728813559322
5.05084745762712	12.4745762711864
5.05084745762712	12.5762711864407
5.05084745762712	12.6779661016949
5.05084745762712	12.7796610169492
5.05084745762712	12.8813559322034
5.05084745762712	12.9830508474576
5.05084745762712	13.0847457627119
5.05084745762712	13.1864406779661
5.05084745762712	13.2881355932203
5.05084745762712	13.3898305084746
5.05084745762712	13.4915254237288
5.05084745762712	13.5932203389831
5.05084745762712	13.6949152542373
5.05084745762712	13.7966101694915
5.05084745762712	13.8983050847458
5.15254237288136	8.20338983050847
5.15254237288136	8.30508474576271
5.15254237288136	8.40677966101695
5.15254237288136	8.50847457627119
5.15254237288136	8.61016949152542
5.15254237288136	8.71186440677966
5.15254237288136	8.8135593220339
5.15254237288136	8.91525423728813
5.15254237288136	9.01694915254237
5.15254237288136	9.11864406779661
5.15254237288136	9.22033898305085
5.15254237288136	9.32203389830508
5.15254237288136	9.42372881355932
5.15254237288136	9.52542372881356
5.15254237288136	9.6271186440678
5.15254237288136	9.72881355932203
5.15254237288136	9.83050847457627
5.15254237288136	9.93220338983051
5.15254237288136	10.0338983050847
5.15254237288136	10.135593220339
5.15254237288136	10.2372881355932
5.15254237288136	10.3389830508475
5.15254237288136	10.4406779661017
5.15254237288136	10.5423728813559
5.15254237288136	10.6440677966102
5.15254237288136	10.7457627118644
5.15254237288136	10.8474576271186
5.15254237288136	10.9491525423729
5.15254237288136	11.0508474576271
5.15254237288136	11.1525423728814
5.15254237288136	11.2542372881356
5.15254237288136	11.3559322033898
5.15254237288136	11.4576271186441
5.15254237288136	11.5593220338983
5.15254237288136	11.6610169491525
5.15254237288136	11.7627118644068
5.15254237288136	11.864406779661
5.15254237288136	11.9661016949153
5.15254237288136	12.0677966101695
5.15254237288136	12.1694915254237
5.15254237288136	12.271186440678
5.15254237288136	12.3728813559322
5.15254237288136	12.4745762711864
5.15254237288136	12.5762711864407
5.15254237288136	12.6779661016949
5.15254237288136	12.7796610169492
5.15254237288136	12.8813559322034
5.15254237288136	12.9830508474576
5.15254237288136	13.0847457627119
5.15254237288136	13.1864406779661
5.15254237288136	13.2881355932203
5.15254237288136	13.3898305084746
5.15254237288136	13.4915254237288
5.15254237288136	13.5932203389831
5.15254237288136	13.6949152542373
5.25423728813559	8.20338983050847
5.25423728813559	8.30508474576271
5.25423728813559	8.40677966101695
5.25423728813559	8.50847457627119
5.25423728813559	8.61016949152542
5.25423728813559	8.71186440677966
5.25423728813559	8.8135593220339
5.25423728813559	8.91525423728813
5.25423728813559	9.01694915254237
5.25423728813559	9.11864406779661
5.25423728813559	9.22033898305085
5.25423728813559	9.32203389830508
5.25423728813559	9.42372881355932
5.25423728813559	9.52542372881356
5.25423728813559	9.6271186440678
5.25423728813559	9.72881355932203
5.25423728813559	9.83050847457627
5.25423728813559	9.93220338983051
5.25423728813559	10.0338983050847
5.25423728813559	10.135593220339
5.25423728813559	10.2372881355932
5.25423728813559	10.3389830508475
5.25423728813559	10.4406779661017
5.25423728813559	10.5423728813559
5.25423728813559	10.6440677966102
5.25423728813559	10.7457627118644
5.25423728813559	10.8474576271186
5.25423728813559	10.9491525423729
5.25423728813559	11.0508474576271
5.25423728813559	11.1525423728814
5.25423728813559	11.2542372881356
5.25423728813559	11.3559322033898
5.25423728813559	11.4576271186441
5.25423728813559	11.5593220338983
5.25423728813559	11.6610169491525
5.25423728813559	11.7627118644068
5.25423728813559	11.864406779661
5.25423728813559	11.9661016949153
5.25423728813559	12.0677966101695
5.25423728813559	12.1694915254237
5.25423728813559	12.271186440678
5.25423728813559	12.3728813559322
5.25423728813559	12.4745762711864
5.25423728813559	12.5762711864407
5.25423728813559	12.6779661016949
5.25423728813559	12.7796610169492
5.25423728813559	12.8813559322034
5.25423728813559	12.9830508474576
5.25423728813559	13.0847457627119
5.25423728813559	13.1864406779661
5.25423728813559	13.2881355932203
5.25423728813559	13.3898305084746
5.25423728813559	13.4915254237288
5.25423728813559	13.5932203389831
5.35593220338983	8.30508474576271
5.35593220338983	8.40677966101695
5.35593220338983	8.50847457627119
5.35593220338983	8.61016949152542
5.35593220338983	8.71186440677966
5.35593220338983	8.8135593220339
5.35593220338983	8.91525423728813
5.35593220338983	9.01694915254237
5.35593220338983	9.11864406779661
5.35593220338983	9.22033898305085
5.35593220338983	9.32203389830508
5.35593220338983	9.42372881355932
5.35593220338983	9.52542372881356
5.35593220338983	9.6271186440678
5.35593220338983	9.72881355932203
5.35593220338983	9.83050847457627
5.35593220338983	9.93220338983051
5.35593220338983	10.0338983050847
5.35593220338983	10.135593220339
5.35593220338983	10.2372881355932
5.35593220338983	10.3389830508475
5.35593220338983	10.4406779661017
5.35593220338983	10.5423728813559
5.35593220338983	10.6440677966102
5.35593220338983	10.7457627118644
5.35593220338983	10.8474576271186
5.35593220338983	10.9491525423729
5.35593220338983	11.0508474576271
5.35593220338983	11.1525423728814
5.35593220338983	11.2542372881356
5.35593220338983	11.3559322033898
5.35593220338983	11.4576271186441
5.35593220338983	11.5593220338983
5.35593220338983	11.6610169491525
5.35593220338983	11.7627118644068
5.35593220338983	11.864406779661
5.35593220338983	11.9661016949153
5.35593220338983	12.0677966101695
5.35593220338983	12.1694915254237
5.35593220338983	12.271186440678
5.35593220338983	12.3728813559322
5.35593220338983	12.4745762711864
5.35593220338983	12.5762711864407
5.35593220338983	12.6779661016949
5.35593220338983	12.7796610169492
5.35593220338983	12.8813559322034
5.35593220338983	12.9830508474576
5.35593220338983	13.0847457627119
5.35593220338983	13.1864406779661
5.35593220338983	13.2881355932203
5.35593220338983	13.3898305084746
5.35593220338983	13.4915254237288
5.45762711864407	8.40677966101695
5.45762711864407	8.50847457627119
5.45762711864407	8.61016949152542
5.45762711864407	8.71186440677966
5.45762711864407	8.8135593220339
5.45762711864407	8.91525423728813
5.45762711864407	9.01694915254237
5.45762711864407	9.11864406779661
5.45762711864407	9.22033898305085
5.45762711864407	9.32203389830508
5.45762711864407	9.42372881355932
5.45762711864407	9.52542372881356
5.45762711864407	9.6271186440678
5.45762711864407	9.72881355932203
5.45762711864407	9.83050847457627
5.45762711864407	9.93220338983051
5.45762711864407	10.0338983050847
5.45762711864407	10.135593220339
5.45762711864407	10.2372881355932
5.45762711864407	10.3389830508475
5.45762711864407	10.4406779661017
5.45762711864407	10.5423728813559
5.45762711864407	10.6440677966102
5.45762711864407	10.7457627118644
5.45762711864407	10.8474576271186
5.45762711864407	10.9491525423729
5.45762711864407	11.0508474576271
5.45762711864407	11.1525423728814
5.45762711864407	11.2542372881356
5.45762711864407	11.3559322033898
5.45762711864407	11.4576271186441
5.45762711864407	11.5593220338983
5.45762711864407	11.6610169491525
5.45762711864407	11.7627118644068
5.45762711864407	11.864406779661
5.45762711864407	11.9661016949153
5.45762711864407	12.0677966101695
5.45762711864407	12.1694915254237
5.45762711864407	12.271186440678
5.45762711864407	12.3728813559322
5.45762711864407	12.4745762711864
5.45762711864407	12.5762711864407
5.45762711864407	12.6779661016949
5.45762711864407	12.7796610169492
5.45762711864407	12.8813559322034
5.45762711864407	12.9830508474576
5.45762711864407	13.0847457627119
5.45762711864407	13.1864406779661
5.45762711864407	13.2881355932203
5.45762711864407	13.3898305084746
5.5593220338983	8.40677966101695
5.5593220338983	8.50847457627119
5.5593220338983	8.61016949152542
5.5593220338983	8.71186440677966
5.5593220338983	8.8135593220339
5.5593220338983	8.91525423728813
5.5593220338983	9.01694915254237
5.5593220338983	9.11864406779661
5.5593220338983	9.22033898305085
5.5593220338983	9.32203389830508
5.5593220338983	9.42372881355932
5.5593220338983	9.52542372881356
5.5593220338983	9.6271186440678
5.5593220338983	9.72881355932203
5.5593220338983	9.83050847457627
5.5593220338983	9.93220338983051
5.5593220338983	10.0338983050847
5.5593220338983	10.135593220339
5.5593220338983	10.2372881355932
5.5593220338983	10.3389830508475
5.5593220338983	10.4406779661017
5.5593220338983	10.5423728813559
5.5593220338983	10.6440677966102
5.5593220338983	10.7457627118644
5.5593220338983	10.8474576271186
5.5593220338983	10.9491525423729
5.5593220338983	11.0508474576271
5.5593220338983	11.1525423728814
5.5593220338983	11.2542372881356
5.5593220338983	11.3559322033898
5.5593220338983	11.4576271186441
5.5593220338983	11.5593220338983
5.5593220338983	11.6610169491525
5.5593220338983	11.7627118644068
5.5593220338983	11.864406779661
5.5593220338983	11.9661016949153
5.5593220338983	12.0677966101695
5.5593220338983	12.1694915254237
5.5593220338983	12.271186440678
5.5593220338983	12.3728813559322
5.5593220338983	12.4745762711864
5.5593220338983	12.5762711864407
5.5593220338983	12.6779661016949
5.5593220338983	12.7796610169492
5.5593220338983	12.8813559322034
5.5593220338983	12.9830508474576
5.5593220338983	13.0847457627119
5.5593220338983	13.1864406779661
5.66101694915254	8.50847457627119
5.66101694915254	8.61016949152542
5.66101694915254	8.71186440677966
5.66101694915254	8.8135593220339
5.66101694915254	8.91525423728813
5.66101694915254	9.01694915254237
5.66101694915254	9.11864406779661
5.66101694915254	9.22033898305085
5.66101694915254	9.32203389830508
5.66101694915254	9.42372881355932
5.66101694915254	9.52542372881356
5.66101694915254	9.6271186440678
5.66101694915254	9.72881355932203
5.66101694915254	9.83050847457627
5.66101694915254	9.93220338983051
5.66101694915254	10.0338983050847
5.66101694915254	10.135593220339
5.66101694915254	10.2372881355932
5.66101694915254	10.3389830508475
5.66101694915254	10.4406779661017
5.66101694915254	10.5423728813559
5.66101694915254	10.6440677966102
5.66101694915254	10.7457627118644
5.66101694915254	10.8474576271186
5.66101694915254	10.9491525423729
5.66101694915254	11.0508474576271
5.66101694915254	11.1525423728814
5.66101694915254	11.2542372881356
5.66101694915254	11.3559322033898
5.66101694915254	11.4576271186441
5.66101694915254	11.5593220338983
5.66101694915254	11.6610169491525
5.66101694915254	11.7627118644068
5.66101694915254	11.864406779661
5.66101694915254	11.9661016949153
5.66101694915254	12.0677966101695
5.66101694915254	12.1694915254237
5.66101694915254	12.271186440678
5.66101694915254	12.3728813559322
5.66101694915254	12.4745762711864
5.66101694915254	12.5762711864407
5.66101694915254	12.6779661016949
5.66101694915254	12.7796610169492
5.66101694915254	12.8813559322034
5.66101694915254	12.9830508474576
5.66101694915254	13.0847457627119
5.76271186440678	8.50847457627119
5.76271186440678	8.61016949152542
5.76271186440678	8.71186440677966
5.76271186440678	8.8135593220339
5.76271186440678	8.91525423728813
5.76271186440678	9.01694915254237
5.76271186440678	9.11864406779661
5.76271186440678	9.22033898305085
5.76271186440678	9.32203389830508
5.76271186440678	9.42372881355932
5.76271186440678	9.52542372881356
5.76271186440678	9.6271186440678
5.76271186440678	9.72881355932203
5.76271186440678	9.83050847457627
5.76271186440678	9.93220338983051
5.76271186440678	10.0338983050847
5.76271186440678	10.135593220339
5.76271186440678	10.2372881355932
5.76271186440678	10.3389830508475
5.76271186440678	10.4406779661017
5.76271186440678	10.5423728813559
5.76271186440678	10.6440677966102
5.76271186440678	10.7457627118644
5.76271186440678	10.8474576271186
5.76271186440678	10.9491525423729
5.76271186440678	11.0508474576271
5.76271186440678	11.1525423728814
5.76271186440678	11.2542372881356
5.76271186440678	11.3559322033898
5.76271186440678	11.4576271186441
5.76271186440678	11.5593220338983
5.76271186440678	11.6610169491525
5.76271186440678	11.7627118644068
5.76271186440678	11.864406779661
5.76271186440678	11.9661016949153
5.76271186440678	12.0677966101695
5.76271186440678	12.1694915254237
5.76271186440678	12.271186440678
5.76271186440678	12.3728813559322
5.76271186440678	12.4745762711864
5.76271186440678	12.5762711864407
5.76271186440678	12.6779661016949
5.76271186440678	12.7796610169492
5.76271186440678	12.8813559322034
5.76271186440678	12.9830508474576
5.86440677966102	8.61016949152542
5.86440677966102	8.71186440677966
5.86440677966102	8.8135593220339
5.86440677966102	8.91525423728813
5.86440677966102	9.01694915254237
5.86440677966102	9.11864406779661
5.86440677966102	9.22033898305085
5.86440677966102	9.32203389830508
5.86440677966102	9.42372881355932
5.86440677966102	9.52542372881356
5.86440677966102	9.6271186440678
5.86440677966102	9.72881355932203
5.86440677966102	9.83050847457627
5.86440677966102	9.93220338983051
5.86440677966102	10.0338983050847
5.86440677966102	10.135593220339
5.86440677966102	10.2372881355932
5.86440677966102	10.3389830508475
5.86440677966102	10.4406779661017
5.86440677966102	10.5423728813559
5.86440677966102	10.6440677966102
5.86440677966102	10.7457627118644
5.86440677966102	10.8474576271186
5.86440677966102	10.9491525423729
5.86440677966102	11.0508474576271
5.86440677966102	11.1525423728814
5.86440677966102	11.2542372881356
5.86440677966102	11.3559322033898
5.86440677966102	11.4576271186441
5.86440677966102	11.5593220338983
5.86440677966102	11.6610169491525
5.86440677966102	11.7627118644068
5.86440677966102	11.864406779661
5.86440677966102	11.9661016949153
5.86440677966102	12.0677966101695
5.86440677966102	12.1694915254237
5.86440677966102	12.271186440678
5.86440677966102	12.3728813559322
5.86440677966102	12.4745762711864
5.86440677966102	12.5762711864407
5.86440677966102	12.6779661016949
5.86440677966102	12.7796610169492
5.96610169491525	8.71186440677966
5.96610169491525	8.8135593220339
5.96610169491525	8.91525423728813
5.96610169491525	9.01694915254237
5.96610169491525	9.11864406779661
5.96610169491525	9.22033898305085
5.96610169491525	9.32203389830508
5.96610169491525	9.42372881355932
5.96610169491525	9.52542372881356
5.96610169491525	9.6271186440678
5.96610169491525	9.72881355932203
5.96610169491525	9.83050847457627
5.96610169491525	9.93220338983051
5.96610169491525	10.0338983050847
5.96610169491525	10.135593220339
5.96610169491525	10.2372881355932
5.96610169491525	10.3389830508475
5.96610169491525	10.4406779661017
5.96610169491525	10.5423728813559
5.96610169491525	10.6440677966102
5.96610169491525	10.7457627118644
5.96610169491525	10.8474576271186
5.96610169491525	10.9491525423729
5.96610169491525	11.0508474576271
5.96610169491525	11.1525423728814
5.96610169491525	11.2542372881356
5.96610169491525	11.3559322033898
5.96610169491525	11.4576271186441
5.96610169491525	11.5593220338983
5.96610169491525	11.6610169491525
5.96610169491525	11.7627118644068
5.96610169491525	11.864406779661
5.96610169491525	11.9661016949153
5.96610169491525	12.0677966101695
5.96610169491525	12.1694915254237
5.96610169491525	12.271186440678
5.96610169491525	12.3728813559322
5.96610169491525	12.4745762711864
5.96610169491525	12.5762711864407
5.96610169491525	12.6779661016949
6.06779661016949	8.71186440677966
6.06779661016949	8.8135593220339
6.06779661016949	8.91525423728813
6.06779661016949	9.01694915254237
6.06779661016949	9.11864406779661
6.06779661016949	9.22033898305085
6.06779661016949	9.32203389830508
6.06779661016949	9.42372881355932
6.06779661016949	9.52542372881356
6.06779661016949	9.6271186440678
6.06779661016949	9.72881355932203
6.06779661016949	9.83050847457627
6.06779661016949	9.93220338983051
6.06779661016949	10.0338983050847
6.06779661016949	10.135593220339
6.06779661016949	10.2372881355932
6.06779661016949	10.3389830508475
6.06779661016949	10.4406779661017
6.06779661016949	10.5423728813559
6.06779661016949	10.6440677966102
6.06779661016949	10.7457627118644
6.06779661016949	10.8474576271186
6.06779661016949	10.9491525423729
6.06779661016949	11.0508474576271
6.06779661016949	11.1525423728814
6.06779661016949	11.2542372881356
6.06779661016949	11.3559322033898
6.06779661016949	11.4576271186441
6.06779661016949	11.5593220338983
6.06779661016949	11.6610169491525
6.06779661016949	11.7627118644068
6.06779661016949	11.864406779661
6.06779661016949	11.9661016949153
6.06779661016949	12.0677966101695
6.06779661016949	12.1694915254237
6.06779661016949	12.271186440678
6.06779661016949	12.3728813559322
6.06779661016949	12.4745762711864
6.06779661016949	12.5762711864407
6.16949152542373	8.8135593220339
6.16949152542373	8.91525423728813
6.16949152542373	9.01694915254237
6.16949152542373	9.11864406779661
6.16949152542373	9.22033898305085
6.16949152542373	9.32203389830508
6.16949152542373	9.42372881355932
6.16949152542373	9.52542372881356
6.16949152542373	9.6271186440678
6.16949152542373	9.72881355932203
6.16949152542373	9.83050847457627
6.16949152542373	9.93220338983051
6.16949152542373	10.0338983050847
6.16949152542373	10.135593220339
6.16949152542373	10.2372881355932
6.16949152542373	10.3389830508475
6.16949152542373	10.4406779661017
6.16949152542373	10.5423728813559
6.16949152542373	10.6440677966102
6.16949152542373	10.7457627118644
6.16949152542373	10.8474576271186
6.16949152542373	10.9491525423729
6.16949152542373	11.0508474576271
6.16949152542373	11.1525423728814
6.16949152542373	11.2542372881356
6.16949152542373	11.3559322033898
6.16949152542373	11.4576271186441
6.16949152542373	11.5593220338983
6.16949152542373	11.6610169491525
6.16949152542373	11.7627118644068
6.16949152542373	11.864406779661
6.16949152542373	11.9661016949153
6.16949152542373	12.0677966101695
6.16949152542373	12.1694915254237
6.16949152542373	12.271186440678
6.16949152542373	12.3728813559322
6.27118644067797	8.91525423728813
6.27118644067797	9.01694915254237
6.27118644067797	9.11864406779661
6.27118644067797	9.22033898305085
6.27118644067797	9.32203389830508
6.27118644067797	9.42372881355932
6.27118644067797	9.52542372881356
6.27118644067797	9.6271186440678
6.27118644067797	9.72881355932203
6.27118644067797	9.83050847457627
6.27118644067797	9.93220338983051
6.27118644067797	10.0338983050847
6.27118644067797	10.135593220339
6.27118644067797	10.2372881355932
6.27118644067797	10.3389830508475
6.27118644067797	10.4406779661017
6.27118644067797	10.5423728813559
6.27118644067797	10.6440677966102
6.27118644067797	10.7457627118644
6.27118644067797	10.8474576271186
6.27118644067797	10.9491525423729
6.27118644067797	11.0508474576271
6.27118644067797	11.1525423728814
6.27118644067797	11.2542372881356
6.27118644067797	11.3559322033898
6.27118644067797	11.4576271186441
6.27118644067797	11.5593220338983
6.27118644067797	11.6610169491525
6.27118644067797	11.7627118644068
6.27118644067797	11.864406779661
6.27118644067797	11.9661016949153
6.27118644067797	12.0677966101695
6.27118644067797	12.1694915254237
6.27118644067797	12.271186440678
6.3728813559322	9.01694915254237
6.3728813559322	9.11864406779661
6.3728813559322	9.22033898305085
6.3728813559322	9.32203389830508
6.3728813559322	9.42372881355932
6.3728813559322	9.52542372881356
6.3728813559322	9.6271186440678
6.3728813559322	9.72881355932203
6.3728813559322	9.83050847457627
6.3728813559322	9.93220338983051
6.3728813559322	10.0338983050847
6.3728813559322	10.135593220339
6.3728813559322	10.2372881355932
6.3728813559322	10.3389830508475
6.3728813559322	10.4406779661017
6.3728813559322	10.5423728813559
6.3728813559322	10.6440677966102
6.3728813559322	10.7457627118644
6.3728813559322	10.8474576271186
6.3728813559322	10.9491525423729
6.3728813559322	11.0508474576271
6.3728813559322	11.1525423728814
6.3728813559322	11.2542372881356
6.3728813559322	11.3559322033898
6.3728813559322	11.4576271186441
6.3728813559322	11.5593220338983
6.3728813559322	11.6610169491525
6.3728813559322	11.7627118644068
6.3728813559322	11.864406779661
6.3728813559322	11.9661016949153
6.3728813559322	12.0677966101695
6.47457627118644	9.01694915254237
6.47457627118644	9.11864406779661
6.47457627118644	9.22033898305085
6.47457627118644	9.32203389830508
6.47457627118644	9.42372881355932
6.47457627118644	9.52542372881356
6.47457627118644	9.6271186440678
6.47457627118644	9.72881355932203
6.47457627118644	9.83050847457627
6.47457627118644	9.93220338983051
6.47457627118644	10.0338983050847
6.47457627118644	10.135593220339
6.47457627118644	10.2372881355932
6.47457627118644	10.3389830508475
6.47457627118644	10.4406779661017
6.47457627118644	10.5423728813559
6.47457627118644	10.6440677966102
6.47457627118644	10.7457627118644
6.47457627118644	10.8474576271186
6.47457627118644	10.9491525423729
6.47457627118644	11.0508474576271
6.47457627118644	11.1525423728814
6.47457627118644	11.2542372881356
6.47457627118644	11.3559322033898
6.47457627118644	11.4576271186441
6.47457627118644	11.5593220338983
6.47457627118644	11.6610169491525
6.47457627118644	11.7627118644068
6.47457627118644	11.864406779661
6.47457627118644	11.9661016949153
6.57627118644068	9.11864406779661
6.57627118644068	9.22033898305085
6.57627118644068	9.32203389830508
6.57627118644068	9.42372881355932
6.57627118644068	9.52542372881356
6.57627118644068	9.6271186440678
6.57627118644068	9.72881355932203
6.57627118644068	9.83050847457627
6.57627118644068	9.93220338983051
6.57627118644068	10.0338983050847
6.57627118644068	10.135593220339
6.57627118644068	10.2372881355932
6.57627118644068	10.3389830508475
6.57627118644068	10.4406779661017
6.57627118644068	10.5423728813559
6.57627118644068	10.6440677966102
6.57627118644068	10.7457627118644
6.57627118644068	10.8474576271186
6.57627118644068	10.9491525423729
6.57627118644068	11.0508474576271
6.57627118644068	11.1525423728814
6.57627118644068	11.2542372881356
6.57627118644068	11.3559322033898
6.57627118644068	11.4576271186441
6.57627118644068	11.5593220338983
6.57627118644068	11.6610169491525
6.57627118644068	11.7627118644068
6.57627118644068	11.864406779661
6.67796610169492	9.11864406779661
6.67796610169492	9.22033898305085
6.67796610169492	9.32203389830508
6.67796610169492	9.42372881355932
6.67796610169492	9.52542372881356
6.67796610169492	9.6271186440678
6.67796610169492	9.72881355932203
6.67796610169492	9.83050847457627
6.67796610169492	9.93220338983051
6.67796610169492	10.0338983050847
6.67796610169492	10.135593220339
6.67796610169492	10.2372881355932
6.67796610169492	10.3389830508475
6.67796610169492	10.4406779661017
6.67796610169492	10.5423728813559
6.67796610169492	10.6440677966102
6.67796610169492	10.7457627118644
6.67796610169492	10.8474576271186
6.67796610169492	10.9491525423729
6.67796610169492	11.0508474576271
6.67796610169492	11.1525423728814
6.67796610169492	11.2542372881356
6.67796610169492	11.3559322033898
6.67796610169492	11.4576271186441
6.67796610169492	11.5593220338983
6.67796610169492	11.6610169491525
6.67796610169492	11.7627118644068
6.77966101694915	9.22033898305085
6.77966101694915	9.32203389830508
6.77966101694915	9.42372881355932
6.77966101694915	9.52542372881356
6.77966101694915	9.6271186440678
6.77966101694915	9.72881355932203
6.77966101694915	9.83050847457627
6.77966101694915	9.93220338983051
6.77966101694915	10.0338983050847
6.77966101694915	10.135593220339
6.77966101694915	10.2372881355932
6.77966101694915	10.3389830508475
6.77966101694915	10.4406779661017
6.77966101694915	10.5423728813559
6.77966101694915	10.6440677966102
6.77966101694915	10.7457627118644
6.77966101694915	10.8474576271186
6.77966101694915	10.9491525423729
6.77966101694915	11.0508474576271
6.77966101694915	11.1525423728814
6.77966101694915	11.2542372881356
6.77966101694915	11.3559322033898
6.77966101694915	11.4576271186441
6.77966101694915	11.5593220338983
6.88135593220339	9.32203389830508
6.88135593220339	9.42372881355932
6.88135593220339	9.52542372881356
6.88135593220339	9.6271186440678
6.88135593220339	9.72881355932203
6.88135593220339	9.83050847457627
6.88135593220339	9.93220338983051
6.88135593220339	10.0338983050847
6.88135593220339	10.135593220339
6.88135593220339	10.2372881355932
6.88135593220339	10.3389830508475
6.88135593220339	10.4406779661017
6.88135593220339	10.5423728813559
6.88135593220339	10.6440677966102
6.88135593220339	10.7457627118644
6.88135593220339	10.8474576271186
6.88135593220339	10.9491525423729
6.88135593220339	11.0508474576271
6.88135593220339	11.1525423728814
6.88135593220339	11.2542372881356
6.88135593220339	11.3559322033898
6.88135593220339	11.4576271186441
6.98305084745763	9.32203389830508
6.98305084745763	9.42372881355932
6.98305084745763	9.52542372881356
6.98305084745763	9.6271186440678
6.98305084745763	9.72881355932203
6.98305084745763	9.83050847457627
6.98305084745763	9.93220338983051
6.98305084745763	10.0338983050847
6.98305084745763	10.135593220339
6.98305084745763	10.2372881355932
6.98305084745763	10.3389830508475
6.98305084745763	10.4406779661017
6.98305084745763	10.5423728813559
6.98305084745763	10.6440677966102
6.98305084745763	10.7457627118644
6.98305084745763	10.8474576271186
6.98305084745763	10.9491525423729
6.98305084745763	11.0508474576271
6.98305084745763	11.1525423728814
6.98305084745763	11.2542372881356
6.98305084745763	11.3559322033898
7.08474576271186	9.42372881355932
7.08474576271186	9.52542372881356
7.08474576271186	9.6271186440678
7.08474576271186	9.72881355932203
7.08474576271186	9.83050847457627
7.08474576271186	9.93220338983051
7.08474576271186	10.0338983050847
7.08474576271186	10.135593220339
7.08474576271186	10.2372881355932
7.08474576271186	10.3389830508475
7.08474576271186	10.4406779661017
7.08474576271186	10.5423728813559
7.08474576271186	10.6440677966102
7.08474576271186	10.7457627118644
7.08474576271186	10.8474576271186
7.08474576271186	10.9491525423729
7.08474576271186	11.0508474576271
7.08474576271186	11.1525423728814
7.1864406779661	9.52542372881356
7.1864406779661	9.6271186440678
7.1864406779661	9.72881355932203
7.1864406779661	9.83050847457627
7.1864406779661	9.93220338983051
7.1864406779661	10.0338983050847
7.1864406779661	10.135593220339
7.1864406779661	10.2372881355932
7.1864406779661	10.3389830508475
7.1864406779661	10.4406779661017
7.1864406779661	10.5423728813559
7.1864406779661	10.6440677966102
7.1864406779661	10.7457627118644
7.1864406779661	10.8474576271186
7.1864406779661	10.9491525423729
7.1864406779661	11.0508474576271
7.28813559322034	9.6271186440678
7.28813559322034	9.72881355932203
7.28813559322034	9.83050847457627
7.28813559322034	9.93220338983051
7.28813559322034	10.0338983050847
7.28813559322034	10.135593220339
7.28813559322034	10.2372881355932
7.28813559322034	10.3389830508475
7.28813559322034	10.4406779661017
7.28813559322034	10.5423728813559
7.28813559322034	10.6440677966102
7.28813559322034	10.7457627118644
7.28813559322034	10.8474576271186
7.38983050847458	9.6271186440678
7.38983050847458	9.72881355932203
7.38983050847458	9.83050847457627
7.38983050847458	9.93220338983051
7.38983050847458	10.0338983050847
7.38983050847458	10.135593220339
7.38983050847458	10.2372881355932
7.38983050847458	10.3389830508475
7.38983050847458	10.4406779661017
7.38983050847458	10.5423728813559
7.38983050847458	10.6440677966102
7.38983050847458	10.7457627118644
7.49152542372881	9.72881355932203
7.49152542372881	9.83050847457627
7.49152542372881	9.93220338983051
7.49152542372881	10.0338983050847
7.49152542372881	10.135593220339
7.49152542372881	10.2372881355932
7.49152542372881	10.3389830508475
7.49152542372881	10.4406779661017
7.49152542372881	10.5423728813559
7.49152542372881	10.6440677966102
7.59322033898305	9.72881355932203
7.59322033898305	9.83050847457627
7.59322033898305	9.93220338983051
7.59322033898305	10.0338983050847
7.59322033898305	10.135593220339
7.59322033898305	10.2372881355932
7.59322033898305	10.3389830508475
7.59322033898305	10.4406779661017
7.59322033898305	10.5423728813559
7.69491525423729	9.83050847457627
7.69491525423729	9.93220338983051
7.69491525423729	10.0338983050847
7.69491525423729	10.135593220339
7.69491525423729	10.2372881355932
7.69491525423729	10.3389830508475
7.79661016949153	9.93220338983051
7.79661016949153	10.0338983050847
7.79661016949153	10.135593220339
7.79661016949153	10.2372881355932
7.89830508474576	9.93220338983051
7.89830508474576	10.0338983050847
7.89830508474576	10.135593220339
